	EC	DSI1	DSI2	DSI3	DSI4	DSI5	DSI6	DSI7	DSI8	DSI9	DSI10	DSI11	DSI12	DSI13	DSI14	DSI15	DSI16	DSI17	DSI18	DSI19	DSI20	DSI21	DSI22	DSI23	DSI24	DSI25	DSI26	DSI27	DSI28	DSI29	DSI30	DSI31	DSI32	DSI33	DSI34	DSI35	DSI36	DSI37	DSI38	DSI39	DSI40
0	AmericanHealthCareAct	0	0	1	1	0	0	0	2	0	0	0	2	0	0	0	0	0	0	0	0	0	0	0	0	19	0	0	0	0	0	0	2	0	0	5	0	0	0	0	3
1	ConsumerPermission	0	0	0	0	0	0	0	0	0	0	0	0	0	0	0	0	0	0	0	0	0	0	0	0	0	0	0	0	1	0	0	0	0	0	0	0	0	0	0	0
2	DepartmentofHomelandSecurity	1	0	0	0	0	0	0	0	0	0	0	0	0	0	0	0	0	0	0	0	0	0	0	0	0	0	0	0	0	4	0	0	0	0	0	0	0	0	0	0
3	EPA	0	0	0	0	0	0	0	1	0	0	0	0	0	0	0	0	1	0	4	8	0	0	0	2	0	0	0	4	0	0	0	0	5	0	0	0	0	0	0	0
4	FCC	0	0	0	0	0	0	0	0	0	0	0	0	0	0	0	0	0	0	0	0	0	0	0	0	0	0	0	0	6	0	0	0	0	0	0	0	0	0	0	0
5	FreedomCaucus	0	0	0	0	0	0	0	0	0	0	0	0	0	0	0	0	0	0	0	0	0	0	0	0	2	0	0	0	0	0	0	0	0	0	6	0	0	0	0	0
6	Gerrymander	0	0	0	0	0	0	0	0	0	0	0	0	0	0	0	0	0	0	0	0	0	0	0	0	0	0	0	0	0	0	0	0	0	0	2	0	0	0	0	0
7	Healthcare	0	0	0	0	0	0	0	0	0	0	0	2	0	0	0	0	0	0	0	0	0	0	0	0	28	0	0	0	0	0	0	0	0	0	0	0	0	0	0	0
8	HouseofRepresentatives	0	0	0	0	0	0	0	0	0	0	0	0	0	0	0	0	0	0	0	0	0	0	0	0	0	0	0	0	0	0	0	0	0	0	0	0	0	0	0	0
9	ISP	0	0	0	0	0	0	0	0	0	0	0	0	0	0	0	0	0	0	0	0	0	0	0	0	0	0	0	0	5	0	0	0	0	0	0	0	0	0	0	0
10	InternetHistory	0	0	0	0	0	0	0	0	0	0	0	0	0	0	0	0	0	0	0	0	0	0	0	0	0	0	0	0	2	0	0	0	0	0	0	0	0	0	0	0
11	InternetUser	0	0	0	0	0	0	0	0	0	0	0	0	0	0	0	0	0	0	0	0	0	0	0	0	0	0	0	0	7	0	0	0	0	0	0	0	0	0	0	0
12	Japan	0	0	0	0	0	0	0	0	0	0	0	0	0	0	0	0	0	0	0	0	0	0	0	0	1	0	0	0	0	0	6	0	0	0	0	0	2	0	0	0
13	Missile	0	1	0	0	0	0	0	0	0	0	0	0	0	0	0	0	0	0	0	0	0	0	0	0	0	0	0	0	0	0	0	0	0	0	0	0	0	3	0	0
14	Navarro	0	0	0	0	0	0	0	0	3	0	0	0	0	0	0	0	0	0	0	0	0	0	0	0	0	0	0	0	0	0	5	0	0	0	0	0	0	0	0	0
15	RexTillerson	0	0	0	0	0	0	0	0	0	0	0	0	0	0	0	0	0	0	0	0	0	0	0	0	0	0	0	0	0	0	0	0	0	0	0	0	0	1	0	0
16	Ryan	0	0	0	0	0	0	0	0	0	0	0	0	0	0	0	0	0	0	0	0	0	0	0	0	8	0	0	0	0	1	0	0	0	0	8	0	0	0	0	0
17	SensitiveInformation	0	0	0	0	0	0	0	0	0	0	0	0	0	0	0	0	0	0	0	0	0	0	0	0	0	0	0	0	4	0	0	0	0	0	0	0	0	0	0	0
18	Travelban	0	0	0	0	0	0	0	0	0	0	0	0	0	0	0	0	0	0	0	0	0	0	0	0	0	0	0	0	0	0	0	0	0	2	0	0	0	0	0	0
19	U.S.Mexicoborder	0	0	0	0	0	0	0	0	0	0	0	0	0	0	0	0	0	0	0	0	0	0	0	0	0	0	0	0	0	0	0	0	0	0	0	0	0	0	0	0
20	VPN	0	0	0	0	0	0	0	0	0	0	0	0	0	0	0	0	0	0	0	0	0	0	0	0	0	0	0	0	3	0	0	0	0	0	0	0	0	0	0	0
21	administration	0	0	1	1	1	0	1	0	0	2	2	2	2	2	1	0	3	1	2	4	1	1	2	3	6	4	0	2	1	1	4	1	3	1	0	1	2	0	0	3
22	americanEnergy	0	0	2	0	0	0	0	0	0	0	0	0	0	0	0	0	0	0	4	0	0	0	0	3	1	0	0	1	0	0	0	0	0	0	0	0	0	0	0	0
23	bank	0	0	0	0	0	0	0	0	13	0	0	0	0	5	0	0	0	0	0	0	0	0	0	0	1	2	0	0	0	0	0	2	0	0	0	0	0	0	0	0
24	bankruptcy	0	0	0	0	0	0	0	0	0	0	0	0	0	0	0	0	0	0	0	0	0	0	0	0	1	0	0	0	0	0	0	0	0	0	0	0	0	0	0	2
25	barackObama	1	0	3	0	4	0	0	3	0	0	8	2	6	2	2	0	4	0	7	1	7	4	2	10	2	10	0	6	0	0	0	6	3	1	3	0	0	0	4	2
26	bill	0	0	0	0	0	0	0	0	1	0	0	10	0	0	3	0	1	1	1	0	0	0	0	0	19	0	0	0	5	0	0	0	2	0	3	0	0	0	1	5
27	border	0	0	0	0	0	0	2	1	0	0	0	0	0	0	7	0	0	8	1	0	0	0	0	0	1	0	0	0	0	9	0	0	2	0	0	0	0	0	0	0
28	bridge	0	0	0	0	0	0	0	1	2	0	0	0	0	0	1	0	1	0	0	0	0	0	0	0	0	0	0	0	0	0	0	0	0	0	0	0	0	0	0	0
29	budgetCuts	0	1	0	2	0	0	0	0	0	0	0	0	0	0	0	0	0	0	0	0	0	0	0	0	0	0	0	0	0	0	0	0	6	0	0	0	0	0	0	0
30	business	0	0	0	4	0	1	1	1	2	0	0	0	0	8	0	1	0	0	3	0	0	1	1	0	5	0	0	0	0	0	2	9	0	0	0	0	0	1	0	3
31	campaign	1	0	0	0	2	0	0	1	2	1	1	0	0	3	0	4	2	2	9	0	0	3	1	0	6	4	0	1	0	3	0	0	2	0	0	0	1	1	0	0
32	certainMiddle-Easterncountries	1	0	0	0	0	0	0	0	0	0	0	0	0	0	0	0	0	0	1	0	0	0	0	0	0	0	6	0	0	0	0	0	0	1	0	0	0	0	0	0
33	christopherSteele	0	0	0	0	0	0	0	0	0	0	0	0	0	0	0	0	0	0	0	0	0	0	0	0	0	1	0	0	0	0	0	0	0	0	0	0	0	0	0	0
34	cleanEnergy	0	0	0	0	0	0	0	0	0	0	0	0	0	0	0	0	0	0	2	0	2	0	0	1	0	0	0	1	0	0	0	0	0	0	0	0	0	0	0	0
35	climateChange	0	0	2	0	4	0	0	1	0	0	0	0	0	0	0	0	4	0	2	5	19	0	0	6	1	0	0	9	0	0	0	0	3	0	0	0	0	0	0	0
36	coalMiners	0	0	0	0	0	0	0	0	0	0	0	0	0	0	0	0	0	0	1	0	0	0	0	1	0	0	0	2	0	0	0	0	0	0	0	0	0	0	0	0
37	confirmationHearings	0	0	0	0	0	0	0	0	0	0	0	0	0	0	0	0	0	0	0	0	0	1	0	0	0	0	0	0	0	0	0	0	0	0	0	0	0	0	2	0
38	congress	0	0	2	1	0	0	0	2	4	0	1	1	0	0	4	1	1	1	0	2	0	0	0	0	1	3	0	0	1	4	0	0	3	0	2	0	1	0	0	2
39	conservative	0	0	0	1	0	0	0	1	1	10	0	1	0	0	0	0	0	0	0	1	0	0	0	0	2	0	0	0	0	0	0	0	1	0	5	0	0	0	1	0
40	construction	0	0	4	0	0	0	0	4	12	0	0	0	0	4	16	0	0	4	0	0	0	0	0	0	4	0	0	0	0	24	0	0	0	0	0	0	0	0	0	0
41	cost	0	2	1	1	1	0	0	2	6	0	1	1	0	0	5	0	0	2	2	0	3	1	0	3	7	0	0	0	0	11	0	1	0	0	1	0	0	0	0	1
42	deductibles	0	0	0	0	0	0	0	0	0	0	0	0	0	0	0	0	0	0	0	0	0	0	0	0	3	0	0	0	0	0	0	0	0	0	0	0	0	0	0	0
43	democracy	0	0	0	0	0	0	0	0	0	0	1	0	1	0	0	0	0	0	0	0	0	1	1	0	0	0	0	0	0	0	0	0	0	0	0	0	0	0	0	0
44	democrat	0	0	0	0	0	0	0	1	2	5	0	1	0	0	2	0	3	4	0	0	0	2	0	0	1	2	0	0	0	0	0	0	0	0	3	0	0	0	8	3
45	democraticParty	0	0	0	0	0	0	0	0	0	0	1	0	1	0	0	0	1	0	0	0	0	1	0	0	0	0	0	0	0	0	0	0	0	0	0	0	0	0	0	0
46	domesticSecurity	0	0	0	0	0	0	0	0	0	0	1	0	0	0	0	1	0	0	0	0	0	0	0	0	0	20	0	0	0	0	0	0	2	0	0	0	0	1	0	0
47	economy	0	0	1	0	0	0	2	1	3	0	0	0	0	0	0	0	3	0	3	0	2	0	0	1	3	0	0	0	2	0	1	5	1	0	1	0	0	0	0	0
48	election	0	0	1	0	0	0	0	0	2	0	3	0	5	7	0	0	5	0	1	0	2	7	1	0	1	4	0	0	0	0	0	3	0	0	1	0	0	0	0	1
49	emergencyStay	0	0	0	0	0	0	0	0	0	0	0	0	0	0	0	0	0	0	0	0	0	0	0	0	0	0	0	0	0	0	0	0	0	3	0	0	0	0	0	0
50	energy	0	1	3	0	0	0	0	0	2	0	0	0	0	0	0	0	0	0	14	8	11	0	0	10	2	0	0	6	0	0	0	0	0	0	0	0	0	0	0	0
51	environment	0	0	1	0	0	0	1	3	0	0	0	0	0	0	0	0	1	0	7	3	0	0	0	7	1	0	0	5	0	2	0	1	1	0	0	0	0	0	0	0
52	environmentalRegulation	0	0	0	0	0	0	0	1	0	0	0	0	0	0	0	0	0	0	0	0	0	0	0	1	0	0	0	2	0	1	0	0	0	0	0	0	0	0	0	0
53	executiveOrder	0	0	2	0	6	1	0	0	0	0	0	0	0	0	1	0	0	0	0	6	0	1	0	33	15	3	10	17	0	1	0	0	0	14	0	4	0	0	0	0
54	filibuster	0	0	0	0	0	0	0	0	0	0	0	0	0	0	0	0	0	0	0	0	0	0	0	0	0	0	0	0	0	0	0	0	0	0	0	0	0	0	3	0
55	foreignAid	0	0	0	0	0	0	0	0	0	0	0	0	0	0	0	0	0	0	0	0	0	0	0	0	0	0	0	0	0	0	0	0	2	0	0	0	0	0	0	0
56	foreignCountry	0	0	0	0	0	0	0	0	0	0	0	0	0	0	0	0	0	0	0	0	0	0	0	0	0	0	1	0	0	0	0	0	0	0	0	0	0	0	0	0
57	freeTrade	0	0	0	0	0	0	1	0	0	0	0	0	0	0	1	0	0	0	0	0	0	0	0	0	0	0	0	0	0	0	1	0	0	0	0	0	2	0	0	0
58	gorsuch	0	0	0	0	0	0	0	0	0	0	0	0	0	0	0	0	0	0	0	0	0	0	0	0	0	0	0	0	0	0	0	0	0	2	0	0	0	0	12	0
59	government	2	0	2	0	3	0	0	0	4	0	0	3	1	9	4	2	4	2	2	0	1	0	0	0	5	4	1	1	0	3	1	0	2	0	1	2	3	0	0	0
60	hack	0	0	0	0	0	0	0	0	0	0	1	0	2	0	0	0	0	0	0	0	0	2	0	0	0	0	0	0	0	0	0	0	0	0	0	0	0	0	0	0
61	healthcare	0	0	0	0	0	0	0	0	0	0	0	2	0	0	0	0	2	0	0	0	0	0	0	0	32	0	0	0	0	0	0	2	0	0	2	0	0	0	0	9
62	hillaryClinton	0	0	0	0	0	0	0	0	1	0	1	0	0	0	0	1	1	0	0	0	2	2	0	0	0	1	0	0	0	0	0	0	0	0	0	0	0	0	0	0
63	hiringFreeze	0	0	1	0	0	0	0	0	0	0	0	0	0	0	0	0	0	0	0	0	0	0	0	0	0	0	0	0	0	0	0	0	0	0	0	0	0	0	0	0
64	houseRepublican	0	0	0	5	0	0	2	0	0	0	0	5	0	0	0	0	2	5	0	0	0	0	0	0	2	0	0	0	0	0	0	0	1	0	4	0	0	0	0	0
65	immigrant	4	0	1	0	0	0	0	1	0	0	0	0	0	0	1	0	4	0	0	0	0	0	0	0	0	0	0	0	0	0	0	0	0	0	0	0	0	0	0	0
66	immigration	5	0	2	0	1	0	0	2	0	1	0	1	0	0	0	0	1	1	0	0	0	0	0	0	2	0	0	0	0	0	0	0	0	1	0	0	0	0	0	0
67	intelligenceAgency	0	0	0	0	0	0	0	0	0	0	1	0	3	0	0	0	0	0	0	0	0	2	2	0	0	4	0	0	0	0	0	0	0	0	0	0	0	0	0	0
68	jobs	0	0	2	0	0	0	8	3	3	0	0	0	0	3	0	0	2	0	6	0	0	0	0	3	11	1	0	5	0	0	1	0	1	0	1	6	4	0	0	0
69	keystonePipeline	0	0	1	0	0	0	0	1	0	0	0	0	0	0	0	0	0	0	3	1	0	0	0	0	2	0	0	0	0	0	0	0	0	0	0	0	0	0	0	0
70	kremlinElectionInvolvement	0	0	0	0	0	0	0	0	0	0	0	0	0	0	0	0	0	0	0	0	0	0	0	0	0	0	0	0	0	0	0	0	0	0	0	0	0	0	0	0
71	lawfulRestriction	0	0	0	0	0	0	0	0	0	0	0	0	0	0	0	0	0	0	0	0	0	0	0	0	0	0	1	0	0	0	0	0	0	0	0	0	0	0	0	0
72	lawmaker	0	0	0	1	0	0	0	0	0	0	0	3	2	0	0	0	0	3	0	0	0	0	0	0	0	0	0	0	0	0	0	0	1	0	0	0	2	0	1	0
73	leader	0	1	0	1	0	0	0	0	0	1	0	2	0	3	1	0	2	2	0	0	3	2	0	0	3	0	0	0	0	1	0	1	0	1	2	0	0	1	3	0
74	legislation	0	0	0	0	0	0	0	0	0	0	0	1	0	0	1	0	0	1	0	0	0	0	0	0	2	0	0	0	0	0	0	0	0	0	0	0	0	0	0	1
75	media	0	0	0	0	0	1	0	0	0	0	0	0	3	0	0	0	0	1	0	0	0	0	4	0	0	4	0	0	0	0	0	0	0	0	0	0	0	0	0	0
76	mexico	0	0	1	0	0	0	11	5	0	0	0	0	0	1	4	0	5	5	1	0	0	0	0	0	0	0	0	0	0	6	1	0	2	0	0	0	1	0	0	0
77	mikhailKulagin	0	0	0	0	0	0	0	0	0	0	0	0	0	0	0	0	0	0	0	0	0	0	0	0	0	1	0	0	0	0	0	0	0	0	0	0	0	0	0	0
78	militaryAction	0	0	0	0	0	0	0	0	0	0	0	0	0	0	0	0	0	0	0	0	0	0	0	0	0	0	0	0	0	0	0	0	0	0	0	0	0	1	0	0
79	missile	0	1	0	0	0	0	0	0	0	0	0	0	0	0	0	0	0	0	0	0	0	0	0	0	0	0	0	0	0	0	0	0	0	0	0	0	0	1	0	0
80	money	0	0	4	0	7	3	0	0	11	0	0	4	0	1	8	0	1	4	0	0	0	0	0	0	1	0	0	0	0	4	0	1	1	0	0	0	0	1	0	3
81	moscow	0	1	0	0	0	0	0	0	0	0	2	0	3	0	0	0	0	0	0	0	0	1	0	0	0	3	0	0	0	0	0	0	0	0	0	0	0	0	0	0
82	northKorea	0	0	0	0	0	0	0	0	0	0	0	0	4	0	0	0	0	0	0	0	0	0	0	0	0	0	0	0	0	0	0	0	0	0	0	0	0	52	0	0
83	nuclearTesting	0	0	0	0	0	0	0	0	0	0	0	0	0	0	0	0	0	0	0	0	0	0	0	0	0	0	0	0	0	0	0	0	0	0	0	0	0	0	0	0
84	parisAccord	0	0	0	0	0	0	0	0	0	0	0	0	0	0	0	0	1	0	1	3	12	0	0	0	0	0	0	5	0	0	0	0	0	0	0	0	0	0	0	0
85	party	0	0	0	0	0	0	0	0	0	0	1	0	2	1	1	0	4	0	0	0	1	1	0	0	2	0	0	0	3	0	0	0	1	0	4	0	0	2	0	1
86	power	0	0	0	0	2	0	0	1	2	1	0	0	0	0	0	0	2	0	5	4	1	0	0	5	0	4	0	6	0	0	0	0	4	0	3	0	0	0	0	0
87	premiums	0	0	0	0	0	0	0	0	0	0	0	0	0	0	0	0	0	0	0	0	0	0	0	0	2	0	0	0	0	0	0	0	0	0	0	0	0	0	0	0
88	presidency	1	0	0	0	0	0	0	0	0	0	1	2	0	0	0	0	0	0	1	0	1	0	0	0	0	1	0	0	0	0	0	0	0	0	1	0	0	0	0	1
89	president	13	14	1	16	12	26	13	14	8	17	17	10	31	83	10	1	36	9	25	17	17	27	24	17	80	34	5	11	6	13	2	9	9	15	4	4	11	4	3	24
90	presidentElect	3	1	0	0	2	3	4	1	0	2	2	0	5	15	1	0	6	1	0	2	0	5	5	0	1	0	0	0	0	0	0	0	0	0	0	0	0	0	0	0
91	protectionism	0	0	0	0	0	0	0	0	0	0	0	0	0	0	0	0	0	0	0	0	0	0	0	0	0	0	0	0	0	0	0	0	0	0	0	0	2	0	0	0
92	publicSafety	1	0	1	0	0	0	0	0	0	0	0	0	0	0	0	0	0	0	1	0	0	0	0	0	0	0	2	0	0	0	0	0	0	0	2	0	0	2	0	0
93	reform	0	0	0	4	0	0	0	0	0	0	0	1	0	0	0	0	1	1	0	0	0	0	0	0	12	0	0	0	0	0	0	0	0	0	0	0	0	0	0	4
94	refugees	1	0	0	0	0	0	0	0	0	0	0	0	0	0	0	0	1	0	0	0	0	0	0	0	0	0	0	0	0	0	0	0	0	1	0	0	0	0	0	0
95	regulation	3	0	2	1	1	0	5	4	8	0	1	0	0	3	0	0	4	0	7	4	2	1	0	11	3	0	0	5	0	0	0	5	1	0	0	0	2	3	0	1
96	repealAndReplace	0	0	0	0	0	0	0	0	0	0	0	0	0	0	0	0	0	0	0	0	0	0	0	0	0	0	0	0	0	0	0	0	0	0	0	0	0	0	0	0
97	republican	0	1	0	2	1	0	1	3	1	2	0	4	1	0	4	1	1	7	1	0	1	8	0	0	8	0	0	1	0	1	0	0	0	0	12	0	0	0	10	3
98	republicanLawmakers	0	0	0	0	0	0	0	0	0	0	0	2	0	0	0	0	0	2	0	0	0	0	0	0	0	0	0	0	0	0	0	0	0	0	0	0	0	0	0	0
99	republicanLeaders	0	0	0	1	0	0	0	0	0	0	0	1	0	0	0	0	0	1	0	0	0	0	0	0	0	0	0	0	0	0	0	0	0	0	1	0	0	0	0	0
100	restriction	0	0	1	0	0	0	0	1	0	0	0	0	0	0	0	0	0	0	2	1	0	0	0	0	0	0	1	1	0	0	0	0	0	0	0	0	0	0	0	0
101	russia	0	4	0	0	0	0	0	0	0	0	5	0	15	0	0	0	0	0	0	0	0	15	2	0	1	18	0	0	0	0	0	0	0	0	0	0	0	0	0	0
102	russian	0	1	0	0	0	0	0	0	0	0	7	0	8	0	0	0	0	0	0	0	0	6	2	0	0	10	0	0	0	0	0	0	0	0	0	0	0	0	0	0
103	sanction	0	0	0	0	0	0	0	0	0	0	3	0	2	0	0	0	0	0	0	0	0	0	0	0	0	0	0	0	0	0	0	0	0	0	0	0	0	1	0	0
104	secretary	0	0	2	0	1	1	0	1	1	0	0	0	1	3	0	2	0	1	0	0	1	0	0	1	5	0	18	1	1	1	1	0	0	1	0	1	0	2	0	0
105	senateRule	0	0	0	1	0	0	0	0	0	3	1	4	1	0	0	1	1	2	0	0	0	1	0	0	1	0	0	0	2	1	0	0	0	2	0	0	0	0	11	1
106	smallBusinessCommunity	0	0	0	0	0	0	0	0	0	0	0	0	0	0	0	0	0	0	0	0	0	0	0	0	0	0	0	0	0	0	0	6	0	0	0	0	0	0	0	0
107	smallBusinessConfidence	0	0	0	0	0	0	1	0	0	0	0	0	3	0	0	0	0	0	0	0	1	0	0	0	8	0	0	0	0	0	0	8	0	0	1	0	0	0	0	0
108	smallBusinessConfidenceIndex	0	0	0	0	0	0	0	0	0	0	0	0	0	0	0	0	0	0	0	0	0	0	0	0	0	0	0	0	0	0	0	4	0	0	0	0	0	0	0	0
109	southKorea	0	0	0	0	0	0	0	0	0	0	0	0	0	0	0	0	0	0	0	0	0	0	0	0	0	0	0	0	0	0	0	0	0	0	0	0	8	5	0	0
110	supremeCourt	0	0	0	0	0	0	0	0	0	20	0	0	0	0	0	0	0	0	0	0	0	0	0	0	0	0	0	0	0	0	0	0	0	8	0	0	0	0	16	0
111	tariff	0	0	1	0	0	0	6	5	0	0	0	0	0	0	0	0	0	0	0	0	0	0	0	0	0	0	0	0	0	0	0	0	0	0	0	0	1	0	0	1
112	taxBreak	0	0	0	4	0	0	0	0	0	0	0	0	0	5	0	0	0	0	0	0	0	0	0	0	1	0	0	0	0	0	0	1	0	0	0	0	0	0	0	0
113	terrorist	1	0	0	0	0	0	0	0	0	0	0	0	0	0	0	0	0	0	0	0	0	0	0	0	0	0	1	0	0	0	0	0	0	0	0	0	0	0	0	0
114	threats	0	0	0	0	0	0	0	0	0	0	0	0	0	0	0	0	0	0	0	0	0	0	0	0	0	0	0	0	0	0	0	0	0	0	0	0	0	0	0	0
115	tradeDeficit	0	0	0	0	0	0	0	0	0	0	0	0	0	0	0	0	0	0	0	0	0	0	0	0	0	0	0	0	0	0	9	0	0	0	0	0	0	0	0	0
116	tradingPartners	0	0	0	0	0	0	0	0	0	0	0	0	0	0	0	0	0	0	0	0	0	0	0	0	0	0	0	0	0	0	1	0	0	0	0	0	0	0	0	0
117	transPacificPartnership	0	0	1	0	0	0	0	1	0	0	0	0	0	0	0	0	0	0	0	0	0	0	0	0	0	0	0	0	0	0	1	0	0	0	0	0	0	0	0	0
118	transitionStaff	3	0	0	0	0	1	0	0	0	3	0	0	0	0	0	0	0	2	0	1	0	0	0	0	0	0	0	0	0	0	0	0	0	0	0	0	0	0	0	0
119	travel 	0	0	0	0	0	0	0	0	0	0	0	0	0	0	0	0	0	0	0	0	0	0	0	0	0	0	0	0	0	1	0	0	0	2	0	0	0	0	0	0
120	tweet	0	3	0	0	0	0	0	0	0	0	1	0	2	0	1	0	0	3	0	1	0	0	3	0	2	1	0	0	0	0	0	0	0	2	0	0	0	0	0	0
121	twitter	0	2	0	0	0	1	1	0	0	0	0	0	2	0	1	0	0	0	0	0	0	1	1	0	0	2	0	0	0	0	0	0	0	2	2	0	0	0	0	0
122	uncertainty	0	0	0	0	0	0	0	0	0	0	0	0	0	0	0	0	0	0	0	0	4	0	0	0	0	0	0	0	0	0	0	0	0	0	0	4	0	0	0	0
123	unitedStates	8	24	13	0	0	4	0	4	4	0	0	0	0	8	4	0	4	4	8	0	53	8	4	8	36	4	16	4	0	4	0	8	13	4	0	0	8	8	0	0
124	vladimirPutin	0	3	0	0	0	0	0	0	0	0	8	0	4	0	0	0	0	0	0	0	0	10	0	0	0	0	0	0	0	0	0	0	0	0	0	0	0	0	0	0
125	vote	0	0	0	0	0	0	1	0	0	2	0	1	1	1	0	0	1	0	0	0	0	2	0	0	64	1	0	0	2	0	0	0	0	1	5	0	0	0	6	0
126	voter	0	0	2	0	0	0	0	0	2	0	0	0	0	0	0	1	1	0	0	0	0	0	0	0	2	6	0	0	0	0	0	0	0	0	1	0	0	0	0	0
127	wall	0	0	1	0	0	0	0	2	0	0	0	0	0	0	21	0	1	15	0	0	0	0	0	0	2	0	0	0	0	7	1	0	5	0	0	0	0	0	0	0
128	war	0	0	0	0	0	0	0	2	0	1	1	0	1	0	0	0	0	1	0	0	0	0	0	1	0	0	0	0	0	0	0	0	0	0	0	0	0	0	0	0
129	washington	0	0	4	0	1	0	0	0	1	0	3	0	1	4	1	1	0	0	1	0	2	0	0	0	3	3	0	0	0	0	1	0	1	1	1	0	0	4	0	0
130	whiteHouse	0	1	2	2	0	0	0	0	0	0	0	2	0	2	0	0	1	0	1	2	1	1	0	3	11	3	0	1	1	1	3	0	1	1	2	1	2	0	0	2
131	work	0	0	1	0	1	0	0	1	2	0	0	2	1	0	1	3	1	0	0	0	1	0	0	1	10	3	0	0	0	1	1	0	0	0	1	1	0	0	0	2
