	EC	DSI1	DSI2	DSI3	DSI4	DSI5	DSI6	DSI7	DSI8	DSI9	DSI10	DSI11	DSI12	DSI13	DSI14	DSI15	DSI16	DSI17	DSI18	DSI19	DSI20	DSI21	DSI22	DSI23	DSI24	DSI25	DSI26	DSI27	DSI28	DSI29	DSI30	DSI31	DSI32	DSI33	DSI34	DSI35	DSI36	DSI37	DSI38	DSI39	DSI40
0	AmericanHealthCareAct	0	0	1	1	0	0	0	2	0	0	0	2	0	0	0	0	0	0	0	0	0	0	0	0	19	0	0	0	0	0	0	2	0	0	5	0	0	0	0	3
1	China	0	2	1	0	0	0	1	2	3	0	0	0	1	0	0	0	0	0	0	0	40	2	0	0	0	0	0	0	0	0	7	0	0	0	0	0	3	3	0	0
2	ConsumerPermission	0	0	0	0	0	0	0	0	0	0	0	0	0	0	0	0	0	0	0	0	0	0	0	0	0	0	0	0	1	0	0	0	0	0	0	0	0	0	0	0
3	DepartmentofHomelandSecurity	1	0	0	0	0	0	0	0	0	0	0	0	0	0	0	0	0	1	0	0	0	0	0	0	0	0	10	0	0	4	0	0	0	0	0	0	0	0	0	0
4	EPA	0	0	0	0	0	0	0	1	0	0	0	0	0	0	0	0	1	0	4	8	0	0	0	2	0	0	0	4	0	0	0	0	5	0	0	0	0	0	0	0
5	FCC	0	0	0	0	0	0	0	0	0	0	0	0	0	0	0	0	0	0	0	0	0	0	0	0	0	0	0	0	6	0	0	0	0	0	0	0	0	0	0	0
6	FreedomCaucus	0	0	0	0	0	0	0	0	0	0	0	0	0	0	0	0	0	0	0	0	0	0	0	0	2	0	0	0	0	0	0	0	0	0	6	0	0	0	0	0
7	Gerrymander	0	0	0	0	0	0	0	0	0	0	0	0	0	0	0	0	0	0	0	0	0	0	0	0	0	0	0	0	0	0	0	0	0	0	2	0	0	0	0	0
8	Healthcare	0	0	0	1	0	0	0	1	0	0	0	1	0	0	1	0	2	0	0	0	0	0	0	0	19	0	0	0	0	0	0	3	0	0	3	0	0	0	0	10
9	HouseofRepresentatives	0	0	0	0	0	0	0	0	0	0	0	0	0	0	0	3	0	0	0	0	0	0	0	0	0	0	0	0	0	0	0	0	0	0	3	0	0	0	0	0
10	ISP	0	0	0	0	0	0	0	0	0	0	0	0	0	0	0	0	0	0	0	0	0	0	0	0	0	0	0	0	5	0	0	0	0	0	0	0	0	0	0	0
11	InternetHistory	0	0	0	1	0	0	0	0	0	0	0	0	0	0	0	1	0	0	0	0	0	0	0	0	0	0	0	0	5	0	0	0	0	0	1	0	0	0	0	0
12	InternetHistory/internetUser	0	0	0	0	0	0	0	0	0	0	0	0	0	0	0	0	0	0	0	0	0	0	2	0	2	0	0	0	12	0	0	0	0	0	0	0	0	0	0	0
13	InternetUser	0	0	0	0	0	0	0	0	0	0	0	0	0	0	0	0	0	0	0	0	0	0	0	0	0	0	0	0	7	0	0	0	0	0	0	0	0	0	0	0
14	Japan	0	0	0	0	0	0	0	0	0	0	0	0	0	0	0	0	0	0	0	0	0	0	0	0	1	0	0	0	0	0	6	0	0	0	0	0	2	0	0	0
15	Missile	0	1	0	0	0	0	0	0	0	0	0	0	0	0	0	0	0	0	0	0	0	0	0	0	0	0	0	0	0	0	0	0	0	0	0	0	0	3	0	0
16	Navarro	0	0	0	0	0	0	0	0	3	0	0	0	0	0	0	0	0	0	0	0	0	0	0	0	0	0	0	0	0	0	5	0	0	0	0	0	0	0	0	0
17	RexTillerson	0	0	0	0	0	0	0	0	0	0	0	0	0	0	0	0	0	0	0	0	0	0	0	0	0	0	0	0	0	0	0	0	0	0	0	0	0	1	0	0
18	Ryan	0	0	0	0	0	0	0	0	0	0	0	0	0	0	0	0	0	0	0	0	0	0	0	0	8	0	0	0	0	1	0	0	0	0	8	0	0	0	0	0
19	SensitiveInformation	0	0	0	0	0	0	0	0	0	0	1	0	4	0	0	1	0	0	0	0	0	1	2	0	3	4	8	0	15	0	0	0	0	0	0	0	0	0	0	0
20	Travelban	0	0	0	0	0	0	0	0	0	0	0	0	0	0	0	0	0	0	0	0	0	0	0	0	0	0	0	0	0	1	0	0	0	4	0	0	0	0	0	0
21	U.S.Mexicoborder	0	0	0	0	0	0	0	0	0	0	0	0	0	0	0	0	0	0	0	0	0	0	0	0	0	0	0	0	0	0	0	0	0	0	0	0	0	0	0	0
22	VPN	0	0	0	0	0	0	0	0	0	0	0	0	0	0	0	0	0	0	0	0	0	0	0	0	0	0	0	0	3	0	0	0	0	0	0	0	0	0	0	0
23	administration	0	0	1	1	1	0	1	0	0	2	2	2	2	2	1	0	3	1	2	4	1	1	2	3	6	4	0	2	1	1	4	1	3	1	0	1	2	0	0	3
24	agenda	0	0	0	0	0	0	0	0	0	0	0	2	0	0	0	0	3	0	1	0	1	0	0	0	2	0	0	0	0	0	0	0	0	0	0	0	0	0	0	0
25	americanEnergy	0	0	2	0	0	0	0	0	0	0	0	0	0	0	0	0	0	0	4	0	0	0	0	3	1	0	0	1	0	0	0	0	0	0	0	0	0	0	0	0
26	attorneyGeneral	0	0	0	0	0	2	0	0	0	0	0	0	0	0	0	0	4	0	0	0	0	0	0	0	0	0	4	0	0	0	0	0	0	0	0	0	0	0	0	0
27	autoManufacturing	0	0	0	0	0	0	22	0	0	0	0	0	0	0	0	0	0	0	0	0	0	0	0	0	0	1	0	0	0	0	0	1	0	0	0	0	4	0	0	0
28	bankruptcy	0	0	0	0	0	0	0	0	0	0	0	0	0	0	0	0	0	0	0	0	0	0	0	0	1	0	0	0	0	0	0	0	0	0	0	0	0	0	0	2
29	barackObama	1	0	3	0	4	0	0	3	0	0	8	2	6	2	2	0	4	0	7	1	7	4	2	10	2	10	0	6	0	0	0	6	3	1	3	0	0	0	4	2
30	bill	0	0	0	0	0	0	0	0	1	0	0	10	0	0	3	0	1	1	1	0	0	0	0	0	19	0	0	0	5	0	0	0	2	0	3	0	0	0	1	5
31	border	0	0	0	0	0	0	2	1	0	0	0	0	0	0	7	0	0	8	1	0	0	0	0	0	1	0	0	0	0	9	0	0	2	0	0	0	0	0	0	0
32	bridge	0	0	0	0	0	0	0	1	2	0	0	0	0	0	1	0	1	0	0	0	0	0	0	0	0	0	0	0	0	0	0	0	0	0	0	0	0	0	0	0
33	budgetCuts	0	1	0	2	0	0	0	0	0	0	0	8	0	0	0	0	0	0	1	0	0	0	0	0	1	0	0	0	0	0	0	0	22	0	0	1	0	0	0	0
34	business	0	0	0	6	0	2	2	2	3	0	0	0	0	16	0	2	0	0	6	0	0	1	2	0	8	0	0	0	0	0	4	16	0	0	0	0	0	1	0	6
35	campaign	1	0	0	0	2	0	0	1	2	1	1	0	0	3	0	4	2	2	9	0	0	3	1	0	6	4	0	1	0	3	0	0	2	0	0	0	1	1	0	0
36	certainMiddle-Easterncountries	1	0	0	0	0	0	0	0	0	0	0	0	0	0	0	0	0	0	1	0	0	0	0	0	0	0	6	0	0	0	0	0	0	1	0	0	0	0	0	0
37	cleanEnergy	0	0	0	0	0	0	0	0	0	0	0	0	0	0	0	0	0	0	2	0	2	0	0	1	0	0	0	1	0	0	0	0	0	0	0	0	0	0	0	0
38	climateChange	0	0	2	0	4	0	0	1	0	0	0	0	0	0	0	0	4	0	2	5	19	0	0	6	1	0	0	9	0	0	0	0	3	0	0	0	0	0	0	0
39	coalMiners	0	0	0	0	0	0	0	0	0	0	0	0	0	0	0	0	0	0	1	0	0	0	0	1	0	0	0	2	0	0	0	0	0	0	0	0	0	0	0	0
40	confirmationHearings	0	0	0	0	0	0	0	0	0	0	0	0	0	0	0	0	0	0	0	0	0	1	0	0	0	0	0	0	0	0	0	0	0	0	0	0	0	0	2	0
41	congress	0	0	2	1	0	0	0	2	4	0	1	1	0	0	4	1	1	1	0	2	0	0	0	0	1	3	0	0	1	4	0	0	3	0	2	0	1	0	0	2
42	conservative	0	0	0	0	2	0	0	0	0	8	0	0	0	0	0	0	0	0	0	0	0	0	0	0	0	0	0	0	0	0	0	0	0	0	2	0	0	0	2	0
43	construction	0	0	1	0	0	0	0	1	3	0	0	0	0	1	4	0	0	1	0	0	0	0	0	0	1	0	0	0	0	6	0	0	0	0	0	0	0	0	0	0
44	cost	0	2	1	1	1	0	0	2	6	0	1	1	0	0	5	0	0	2	2	0	3	1	0	3	7	0	0	0	0	11	0	1	0	0	1	0	0	0	0	1
45	deductibles	0	0	0	0	0	0	0	0	0	0	0	0	0	0	0	0	0	0	0	0	0	0	0	0	3	0	0	0	0	0	0	0	0	0	0	0	0	0	0	0
46	democracy	0	0	0	0	0	0	0	0	0	0	1	0	1	0	0	0	0	0	0	0	0	1	1	0	0	0	0	0	0	0	0	0	0	0	0	0	0	0	0	0
47	democraticParty	0	0	0	0	2	0	0	1	2	15	1	1	1	0	2	0	4	4	0	0	0	3	0	0	1	2	0	0	0	0	0	0	0	0	5	0	0	0	10	3
48	domesticSecurity	0	0	0	0	0	0	0	0	0	0	1	0	0	0	0	1	1	0	0	0	0	0	1	0	0	20	0	0	0	0	0	0	3	0	0	0	0	6	0	0
49	economy	0	0	1	0	0	0	2	1	3	0	0	0	0	0	0	0	3	0	3	0	2	0	0	1	3	0	0	0	2	0	1	5	1	0	1	0	0	0	0	0
50	election	0	0	1	0	0	0	0	0	2	0	3	0	5	7	0	0	5	0	1	0	2	7	1	0	1	4	0	0	0	0	0	3	0	0	1	0	0	0	0	1
51	email	0	0	0	0	0	1	0	0	1	0	0	0	1	0	0	30	1	0	1	0	1	1	0	0	0	3	0	0	1	0	0	0	0	0	0	1	0	0	0	0
52	emergencyStay	0	0	0	0	0	0	0	0	0	0	0	0	0	0	0	0	0	0	0	0	0	0	0	0	0	0	0	0	0	0	0	0	0	3	0	0	0	0	0	0
53	energy	0	1	3	0	0	0	0	0	2	0	0	0	0	0	0	0	0	0	14	8	11	0	0	10	2	0	0	6	0	0	0	0	0	0	0	0	0	0	0	0
54	entryIntoUS	1	0	0	0	0	0	0	0	0	0	0	0	0	0	0	0	0	0	0	0	0	0	0	0	0	0	4	0	0	0	0	0	0	0	0	0	0	0	0	0
55	environment	0	0	1	0	0	0	1	3	0	0	0	0	0	0	0	0	1	0	7	3	0	0	0	7	1	0	0	5	0	2	0	1	1	0	0	0	0	0	0	0
56	environmentalRegulation	0	0	0	0	0	0	0	1	0	0	0	0	0	0	0	0	0	0	0	0	0	0	0	1	0	0	0	2	0	1	0	0	0	0	0	0	0	0	0	0
57	executiveOrder	0	0	2	0	3	1	0	0	0	0	0	0	0	0	1	0	0	0	0	3	0	1	0	18	9	3	10	11	0	1	0	0	0	8	0	4	0	0	0	0
58	filibuster	0	0	0	0	0	0	0	0	0	0	0	0	0	0	0	0	0	0	0	0	0	0	0	0	0	0	0	0	0	0	0	0	0	0	0	0	0	0	3	0
59	foreignAid	0	0	0	0	0	0	0	0	0	0	0	0	0	0	0	0	0	0	0	0	0	0	0	0	0	0	0	0	0	0	0	0	2	0	0	0	0	0	0	0
60	foreignCountry	0	0	0	0	0	0	0	0	0	0	0	0	0	0	0	0	0	0	0	0	0	0	0	0	0	0	1	0	0	0	0	0	0	0	0	0	0	0	0	0
61	foreigner	0	0	0	0	0	0	0	0	0	0	0	0	0	0	0	0	0	0	0	0	0	0	0	0	0	0	2	0	0	0	0	0	0	0	0	0	0	0	0	0
62	freeTrade	0	0	0	0	0	0	1	0	0	0	0	0	0	0	1	0	0	0	0	0	0	0	0	0	0	0	0	0	0	0	1	0	0	0	0	0	2	0	0	0
63	government	2	0	2	0	3	0	0	0	4	0	0	3	1	9	4	2	4	2	2	0	1	0	0	0	5	4	1	1	0	3	1	0	2	0	1	2	3	0	0	0
64	hack	0	0	0	0	0	0	0	0	0	0	1	0	2	0	0	0	0	0	0	0	0	2	0	0	0	0	0	0	0	0	0	0	0	0	0	0	0	0	0	0
65	healthcare	0	0	0	0	0	0	0	0	0	0	0	0	0	0	0	0	2	0	0	0	0	0	0	0	6	0	0	0	0	0	0	2	0	0	2	0	0	0	0	9
66	hillaryClinton	0	0	1	0	0	0	0	0	5	0	2	0	0	0	0	15	2	0	2	0	3	3	0	0	0	2	0	0	0	0	1	0	1	0	0	0	0	0	0	9
67	hiringFreeze	0	0	1	0	0	0	0	0	0	0	0	0	0	0	0	0	0	0	0	0	0	0	0	0	0	0	0	0	0	0	0	0	0	0	0	0	0	0	0	0
68	houseRepublican	0	0	0	9	0	0	2	1	1	10	0	9	0	0	0	0	4	6	0	1	0	0	0	0	4	0	0	0	0	0	0	0	3	0	12	0	0	0	1	0
69	immigrant	4	0	1	0	0	0	0	1	0	0	0	0	0	0	1	0	4	0	0	0	0	0	0	0	0	0	0	0	0	0	0	0	0	0	0	0	0	0	0	0
70	immigration	5	0	2	0	1	0	0	2	0	1	0	1	0	0	0	0	1	1	0	0	0	0	0	0	2	0	0	0	0	0	0	0	0	1	0	0	0	0	0	0
71	intelligenceAgency	0	0	0	0	0	0	0	0	0	0	1	0	3	0	0	0	0	0	0	0	0	2	2	0	0	4	0	0	0	0	0	0	0	0	0	0	0	0	0	0
72	internetHistory	1	0	0	0	0	0	0	0	0	0	0	0	0	0	0	0	0	0	0	0	1	0	2	0	2	0	0	0	24	0	0	0	0	0	0	0	2	0	0	0
73	internetUser	0	0	0	0	0	0	0	0	0	0	0	0	0	0	0	0	0	0	0	0	0	0	0	0	0	0	0	0	3	0	0	0	0	0	0	0	0	0	0	0
74	jobs	0	0	2	0	0	0	8	3	3	0	0	0	0	3	0	0	2	0	6	0	0	0	0	3	11	1	0	5	0	0	1	0	1	0	1	6	4	0	0	0
75	keystonePipeline	0	0	1	0	0	0	0	1	0	0	0	0	0	0	0	0	0	0	3	1	0	0	0	0	2	0	0	0	0	0	0	0	0	0	0	0	0	0	0	0
76	korea	0	0	0	0	0	0	0	0	0	0	0	0	2	0	0	0	0	0	0	0	0	0	0	0	0	0	0	0	0	0	0	0	0	0	0	0	32	34	0	0
77	kremlinElectionInvolvement	0	0	0	0	0	0	0	0	0	0	0	0	0	0	0	0	0	0	0	0	0	0	0	0	0	0	0	0	0	0	0	0	0	0	0	0	0	0	0	0
78	lawfulRestriction	0	0	0	0	0	0	0	0	0	0	0	0	0	0	0	0	0	0	0	0	0	0	0	0	0	0	1	0	0	0	0	0	0	0	0	0	0	0	0	0
79	lawmaker	0	0	0	1	0	0	0	0	0	0	0	3	2	0	0	0	0	3	0	0	0	0	0	0	0	0	0	0	0	0	0	0	1	0	0	0	2	0	1	0
80	leader	0	1	0	1	0	0	0	0	0	1	0	2	0	3	1	0	2	2	0	0	3	2	0	0	3	0	0	0	0	1	0	1	0	1	2	0	0	1	3	0
81	legislation	0	0	0	0	0	0	0	0	0	0	0	1	0	0	1	0	0	1	0	0	0	0	0	0	2	0	0	0	0	0	0	0	0	0	0	0	0	0	0	1
82	markFields	0	0	0	0	0	0	3	0	0	0	0	0	0	0	0	0	0	0	0	0	0	0	0	0	0	0	0	0	0	0	0	0	0	0	0	0	0	0	0	0
83	media	0	0	0	0	0	1	0	0	0	0	0	0	3	0	0	0	0	1	0	0	0	0	4	0	0	4	0	0	0	0	0	0	0	0	0	0	0	0	0	0
84	mexico	0	0	1	0	0	0	11	5	0	0	0	0	0	1	4	0	5	5	1	0	0	0	0	0	0	0	0	0	0	6	1	0	2	0	0	0	1	0	0	0
85	mikhailKulagin	0	0	0	0	0	0	0	0	0	0	0	0	0	0	0	0	0	0	0	0	0	0	0	0	0	1	0	0	0	0	0	0	0	0	0	0	0	0	0	0
86	militaryAction	0	0	2	0	0	0	0	0	0	0	0	0	0	0	0	0	0	0	0	0	0	0	0	0	0	0	0	0	0	0	1	0	2	0	0	0	0	4	0	0
87	missile	0	1	0	0	0	0	0	0	0	0	0	0	0	0	0	0	0	0	0	0	0	0	0	0	0	0	0	0	0	0	0	0	0	0	0	0	0	1	0	0
88	money	0	0	4	0	7	3	0	0	11	0	0	4	0	1	8	0	1	4	0	0	0	0	0	0	1	0	0	0	0	4	0	1	1	0	0	0	0	1	0	3
89	moscow	0	1	0	0	0	0	0	0	0	0	2	0	3	0	0	0	0	0	0	0	0	1	0	0	0	3	0	0	0	0	0	0	0	0	0	0	0	0	0	0
90	northKorea	0	0	0	0	0	0	0	0	0	0	0	0	1	0	0	0	0	0	0	0	0	0	0	0	0	0	0	0	0	0	0	0	0	0	0	0	0	13	0	0
91	northKorea/southKorea	0	0	0	0	0	0	0	0	0	0	0	0	2	0	0	0	0	0	0	0	0	0	0	0	0	0	0	0	0	0	0	0	0	0	0	0	28	30	0	0
92	nuclearTesting	0	12	0	0	0	0	0	0	0	0	0	0	0	0	0	0	0	0	0	0	0	0	0	0	0	0	0	0	0	0	0	0	0	0	0	0	0	4	0	0
93	parisAccord	0	0	0	0	0	0	0	0	0	0	0	0	0	0	0	0	0	0	1	3	9	0	0	0	0	0	0	2	0	0	0	0	0	0	0	0	0	0	0	0
94	party	0	0	0	0	0	0	0	0	0	0	1	0	2	1	1	0	4	0	0	0	1	1	0	0	2	0	0	0	3	0	0	0	1	0	4	0	0	2	0	1
95	president	14	14	1	16	12	26	13	14	8	17	18	12	31	83	10	1	36	9	26	17	18	27	24	17	80	35	5	11	6	13	2	9	9	15	5	4	11	4	3	25
96	presidentElect	2	1	0	0	2	3	4	1	0	2	2	0	5	15	1	0	6	1	0	2	0	4	5	0	1	0	0	0	0	0	0	0	0	0	0	0	0	0	0	0
97	protectionism	0	0	0	0	0	0	0	0	0	0	0	0	0	0	0	0	0	0	0	0	0	0	0	0	0	0	0	0	0	0	0	0	0	0	0	0	2	0	0	0
98	publicSafety	1	0	1	0	0	0	0	0	0	0	0	0	0	0	0	0	0	0	1	0	0	0	0	0	0	0	2	0	0	0	0	0	0	0	2	0	0	2	0	0
99	reform	0	0	0	4	0	0	0	0	0	0	0	1	0	0	0	0	1	1	0	0	0	0	0	0	12	0	0	0	0	0	0	0	0	0	0	0	0	0	0	4
100	refugees	1	0	0	0	0	0	0	0	0	0	0	0	0	0	0	0	1	0	0	0	0	0	0	0	0	0	0	0	0	0	0	0	0	1	0	0	0	0	0	0
101	regulation	3	0	2	1	1	1	5	5	8	0	1	0	0	4	0	0	4	0	7	8	2	1	0	12	3	0	0	7	6	0	0	6	1	0	0	0	2	3	4	1
102	repealAndReplace	0	0	0	0	0	0	0	0	0	0	0	0	0	0	0	0	0	0	0	0	0	0	0	0	0	0	0	0	0	0	0	0	0	0	0	0	0	0	0	0
103	republican	0	1	0	8	1	0	1	3	1	2	0	10	1	0	4	1	5	9	1	0	1	8	0	0	8	0	0	1	0	1	0	0	2	0	18	0	0	0	10	3
104	republicanLawmakers	0	0	0	0	0	0	0	0	0	0	0	2	0	0	0	0	0	2	0	0	0	0	0	0	0	0	0	0	0	0	0	0	0	0	0	0	0	0	0	0
105	republicanLeaders	0	0	0	1	0	0	0	0	0	0	0	1	0	0	0	0	0	1	0	0	0	0	0	0	0	0	0	0	0	0	0	0	0	0	1	0	0	0	0	0
106	restriction	0	0	1	0	0	0	0	1	0	0	0	0	0	0	0	0	0	0	2	1	0	0	0	0	0	0	1	1	0	0	0	0	0	0	0	0	0	0	0	0
107	russia	0	4	0	0	0	0	0	0	0	0	5	0	15	0	0	0	0	0	0	0	0	15	2	0	1	19	0	0	0	0	0	0	0	0	0	0	0	0	0	0
108	russian	0	1	0	0	0	0	0	0	0	0	7	0	8	0	0	0	0	0	0	0	0	6	2	0	0	10	0	0	0	0	0	0	0	0	0	0	0	0	0	0
109	sanction	0	0	0	0	0	0	0	0	0	0	3	0	2	0	0	0	0	0	0	0	0	0	0	0	0	0	0	0	0	0	0	0	0	0	0	0	0	1	0	0
110	secretary	0	0	2	0	1	1	0	1	1	0	0	0	1	3	0	2	0	1	0	0	1	0	0	1	5	0	18	1	1	1	1	0	0	1	0	1	0	2	0	0
111	senateRule	0	0	0	1	0	0	0	0	0	3	1	4	1	0	0	1	1	2	0	0	0	1	0	0	1	0	0	0	2	1	0	0	0	2	0	0	0	0	11	1
112	smallBusinessCommunity	0	0	0	0	0	0	0	0	0	0	0	0	0	0	0	0	0	0	0	0	0	0	0	0	0	0	0	0	0	0	0	4	0	0	0	0	0	0	0	0
113	smallBusinessConfidence	0	0	0	4	0	2	3	2	2	0	0	0	3	16	0	2	0	0	6	0	1	0	2	0	14	0	0	0	0	0	4	23	0	0	1	0	0	0	0	6
114	smallBusinessConfidenceIndex	0	0	0	0	0	0	0	0	0	0	0	0	0	0	0	0	0	0	0	0	0	0	0	0	0	0	0	0	0	0	0	1	0	0	0	0	0	0	0	0
115	southKorea	0	0	0	0	0	0	0	0	0	0	0	0	0	0	0	0	0	0	0	0	0	0	0	0	0	0	0	0	0	0	0	0	0	0	0	0	1	2	0	0
116	supremeCourt	1	0	3	0	0	0	0	0	0	38	0	0	0	3	0	4	0	1	0	3	1	0	0	0	5	3	3	1	0	1	0	0	0	10	0	0	0	0	34	0
117	tariff	0	0	1	0	0	0	3	2	0	0	0	0	0	0	0	0	0	0	0	0	0	0	0	0	0	0	0	0	0	0	0	0	0	0	0	0	1	0	0	1
118	taxBreak	0	0	0	4	0	0	0	0	0	0	0	0	0	5	0	0	0	0	0	0	0	0	0	0	1	0	0	0	0	0	0	1	0	0	0	0	0	0	0	0
119	terrorist	1	0	0	0	0	0	0	0	0	0	0	0	0	0	0	0	0	0	0	0	0	0	0	0	0	0	1	0	0	0	0	0	0	0	0	0	0	0	0	0
120	threats	0	0	0	0	0	0	0	0	0	0	0	0	0	0	0	0	0	0	0	0	0	0	0	0	0	0	0	0	0	0	0	0	0	0	0	0	0	0	0	0
121	tradeDeficit	1	0	1	2	1	0	6	5	0	0	0	0	0	0	2	0	2	0	0	0	3	0	0	0	0	0	0	1	0	0	47	1	2	0	0	0	15	0	0	2
122	tradingPartners	0	0	0	0	0	0	0	0	0	0	0	0	0	0	0	0	0	0	0	0	0	0	0	0	0	0	0	0	0	0	1	0	0	0	0	0	0	0	0	0
123	transPacificPartnership	0	0	1	0	0	0	0	1	0	0	0	0	0	0	0	0	0	0	0	0	0	0	0	0	0	0	0	0	0	0	1	0	0	0	0	0	0	0	0	0
124	transitionStaff	3	0	0	0	0	1	0	0	0	3	0	0	0	0	0	0	0	2	0	1	0	0	0	0	0	0	0	0	0	0	0	0	0	0	0	0	0	0	0	0
125	travelBan	3	0	3	0	0	0	0	0	0	0	0	0	0	0	0	0	0	0	0	0	0	0	0	0	0	0	0	1	0	0	0	0	0	21	0	0	0	0	3	0
126	tweet	0	3	0	0	0	0	0	0	0	0	1	0	2	0	1	0	0	3	0	1	0	0	3	0	2	2	0	0	0	0	0	0	0	4	0	0	0	0	0	0
127	twitter	0	2	0	0	0	1	1	0	0	0	0	0	2	0	1	0	0	0	0	0	0	1	1	0	0	2	0	0	0	0	0	0	0	2	2	0	0	0	0	0
128	uncertainty	0	0	0	0	0	0	0	0	0	0	0	0	0	0	0	0	0	0	0	0	1	0	0	0	0	0	0	0	0	0	0	0	0	0	0	1	0	0	0	0
129	unitedStates	2	6	4	0	0	1	0	1	1	0	0	0	0	2	1	0	1	1	2	0	14	2	1	2	9	1	4	1	0	1	0	2	4	1	0	0	2	2	0	0
130	vladimirPutin	0	3	0	0	0	0	0	0	0	0	8	0	4	0	0	0	0	0	0	0	0	10	0	0	0	0	0	0	0	0	0	0	0	0	0	0	0	0	0	0
131	vote	0	0	0	0	0	0	1	0	0	2	0	1	1	1	0	0	1	0	0	0	0	2	0	0	64	1	0	0	2	0	0	0	0	1	5	0	0	0	6	0
132	voter	0	0	2	0	0	0	0	0	2	0	0	0	0	0	0	1	1	0	0	0	0	0	0	0	2	6	0	0	0	0	0	0	0	0	1	0	0	0	0	0
133	wall	0	0	1	0	0	0	0	2	0	0	0	0	0	0	21	0	1	15	0	0	0	0	0	0	2	0	0	0	0	7	1	0	5	0	0	0	0	0	0	0
134	war	0	0	0	0	0	0	0	2	0	1	1	0	1	0	0	0	0	1	0	0	0	0	0	1	0	0	0	0	0	0	0	0	0	0	0	0	0	0	0	0
135	washington	0	0	4	0	1	0	0	0	1	0	3	0	1	4	1	1	0	0	1	0	2	0	0	0	3	3	0	0	0	0	1	0	1	1	1	0	0	4	0	0
136	whiteHouse	0	1	2	2	0	0	0	0	0	0	0	2	0	2	0	0	1	0	1	2	1	1	0	3	11	3	0	1	1	1	3	0	1	1	2	1	2	0	0	2
137	work	0	0	1	0	1	0	0	1	2	0	0	2	1	0	1	3	1	0	0	0	1	0	0	1	10	3	0	0	0	1	1	0	0	0	1	1	0	0	0	2
